% ------------ STEP-UP ------------

% 1.
% L4, C4
% Prąd ciągły 90us ->

T_1 = 112.4e-6;
Uin_1 = 15;
Iob_1 = 50e-3;
Tgora_1 = [102.4, 84.8, 74.4, 63.6, 44.4, 27.6, 17.6, 12, 51.2]*10^(-6);
Uout_1 = [13.42, 12.44, 11.96, 10.93, 8.36, 4.6, 2.03, 1.1, 9.4];

% 2. 
% L4, C4
% Prąd ciągły 55.3mA ->
Uin_2 = 15;
T_2 = 112.4e-6;
Tgora_2 = 83.2e-6;
Uout_2 = [12.49, 12.33, 12.12, 11.89, 11.42, 10.67, 10.51, 10.38, 10.28];
Iout_2 = [44.8, 49, 56.3, 65.1, 73.6, 86.8, 115.7, 154, 185.9]*10^(-3);

% 3.1
% L4, C4
% Prąd ciągły 61mA ->
Uin_3 = 12;
T_3 = 113.6e-6;
Uout_3_1 = 8.64;
Tgora_3_1 = [53.6, 59.2, 62, 68.4, 83.6, 84.4, 86.4, 87.6]*10^(-6);
Iout_3_1 = [30.9, 36.7, 42.6, 54.3, 71.2, 94, 135.2, 183]*10^(-3);

% 3.2
% Prąd ciągły 83mA ->
Uout_3_2 = 6;
Tgora_3_2 = [30, 33.2, 34.4, 38, 42.8, 46.8, 54, 57.2, 60.8, 63.2]*10^(-6);
Iout_3_2 = [21.5, 25.6, 29.4, 37.7, 46.2, 58.1, 75, 85.3, 106.8, 181.6]*10^(-3);

% 3.3
% Prąd ciągły 73.6mA ->
Uout_3_3 = 4.2;
Tgora_3_3 = [18.8, 29.4, 22.8, 24.8, 28, 30, 34, 38.8, 43.6, 45.6]*10^(-6);
Iout_3_3 = [25.3, 17.9, 22.7, 28.11, 33.9, 38.3, 50.6, 65.4, 83.5, 108.8]*10^(-3);

% 3.4
% Prąd ciągły 70mA ->
Uout_3_4 = 3;
Tgora_3_4 = [12, 14, 14.8, 16.4, 18.8, 22.4, 26.4, 30, 32, 32.8, 32.4]*10^(-6);
Iout_3_4 = [10.6, 14, 16.8, 20.7, 25.4, 35.9, 49.1, 63.7, 69.5, 103.9, 77.5]*10^(-3);

% 4.1
% L1, C1
T_4 = 113.6e-6;
Uin_4 = 12;
Tgora_4 = 83e-6;
Iout_4_1 = [22.3, 26, 28.8, 35.4, 44.1, 55.8, 81, 126]*10^(-3);
A_4_1 = [102, 110, 118, 122, 128, 130, 152, 152]*10^(-3);

% 4.2
% L1, C2
% Prąd nieciągły
Iout_4_2 = [41.8, 50.5, 64.6, 91.7, 126.2, 167.8]*10^(-3);
A_4_2 = [252, 284, 348, 468, 612, 764]*10^(-3);
Uout_4_2 = [11.63, 11.55, 11.44, 11.22, 10.96, 10.65];

% 4.3
% L1, C3
% Prąd nieciągły
Iout_4_3 = [42, 50.6, 65.2, 82, 101.2, 144.7, 123.1]*10^(-3);
A_4_3 = [476, 552, 684, 836, 1000, 1400, 1230]*10^(-3);
Uout_4_3 = [11.68, 11.61, 11.51, 11.39, 11.26, 10.96, 11.11];

% 4.4
% L1, C4
Iout_4_4 = [42, 52.7, 60, 76.2, 98.4, 165.6]*10^(-3);
A_4_4 = [2.64, 3.44, 4.12, 4.92, 6.88];
Uout_4_4 = [11.69, 11.6, 11.55, 11.43, 11.25, 10.75];

% 4.5
% L1, C4
Iout_4_5 = [32.5, 42.5, 56.5, 78.6, 100.4, 101.6]*10^(-3);
A_4_5 = [290, 320, 350, 374, 402, 412]*10^(-3);
Uout_4_5 = [9.04, 8.36, 8.12, 8.05, 7.92, 7.85];

% 5.1
% C1
Iout_5 = 73e-3;
f_5_1 = [6.35, 7.39, 9.7, 13.92, 18.43, 29.19, 48, 110]*10^3;
A_5_1 = [372, 348, 300, 232, 197, 162, 110, 52]*10^(-3);
Uout_5_1 = [11.05, 10.93, 10.68, 10.21, 9.75, 9.05, 7.33, 5.8];


% 5.2
% C2
f_5_2 = [6.35, 7.42, 9.15, 14.62, 21.73, 36.32, 110]*10^3;
A_5_2 = [716, 636, 528, 348, 232, 151, 52]*10^(-3);
Uout_5_2 = [11.17, 11.02, 10.81, 10.18, 9.47, 8.23, 5.81];

% 5.3
% C3
f_5_3 = [6.35, 8.1, 11.5, 17, 28, 46.3, 110]*10^3;
A_5_3 = [1500, 1180, 812, 552, 338, 176, 66]*10^(-3);
Uout_5_3 = [11.37, 11.07, 10.62, 10.03, 9.05, 7.62, 5.82];

% 5.4
% C4
f_5_4 = [6.35, 7.3, 10, 15.4, 25.56, 59.2 110]*10^3;
A_5_4 = [8640, 6040, 4020, 2670, 930, 570, 256]*10^(-3);
Uout_5_4 = [10.3, 11.05, 11.2, 10.53, 9.51, 7.41, 5.82];

% 6.1
T_6 = 95.2e-6;
Iout_6 = 60.5e-3;
Uin_6 = 12;
Tgora_6_1 = [14.4, 36, 64, 77.6, 86]*10^(-6);
A_6_1 = [156, 284, 192, 156, 116]*10^(-3)
Uout_6_1 = [3.05, 9.58, 11.19, 11.44, 11.53];

% 6.2
Tgora_6_2 = [13.6, 30.4, 56, 76.8, 83.2]*10^(-6);
A_6_2 = [1720, 3700, 2630, 1940, 1600]*10^(-3);
Uout_6_2 = [3.7, 10.03, 11.43, 11.62, 11.66];
